[[ 1.00000796  2.09809     0.549045   -3.36603    -3.14626    -0.5
   0.59809     0.36603     1.80941   ]
 [ 2.09809    10.          6.          2.         -3.1716      1.
  13.          4.          5.8453    ]
 [ 0.549045    6.          4.5         6.          1.2426      1.5
  10.5         3.          2.76795   ]
 [-3.36603     2.          6.         26.         16.142       5.
  17.          4.         -2.7735    ]
 [-3.14626    -3.1716      1.2426     16.142      11.99984656  2.8284
   5.3136      0.8284     -4.43755348]
 [-0.5         1.          1.5         5.          2.8284      1.
   4.          1.         -0.1547    ]
 [ 0.59809    13.         10.5        17.          5.3136      4.
  25.          7.          5.3812    ]
 [ 0.36603     4.          3.          4.          0.8284      1.
   7.          2.          1.8453    ]
 [ 1.80941     5.8453      2.76795    -2.7735     -4.43755348 -0.1547
   5.3812      1.8453      4.02393209]]
